160
162
183
188
133
8
-56
-10
60
81
1
-103
-85
6
72
77
64
36
7
5
9
20
54
73
68
42
27
52
100
131
118
75
59
73
22
-49
-58
-17
25
32
34
51
75
121
148
130
108
115
100
44
25
49
65
70
84
96
52
-28
-30
32
69
44
7
6
28
50
56
57
74
89
76
52
66
76
74
69
55
38
57
85
71
37
16
6
-1
-2
-1
-35
-83
-86
-38
8
18
19
36
65
83
68
45
74
107
98
45
3
9
54
84
49
-50
-117
-123
-121
-162
-196
-188
-172
-178
-184
-134
-7
124
180
156
115
117
155
162
82
-2
-8
59
120
128
88
50
52
77
109
123
102
89
58
8
10
32
39
4
-39
-35
-2
50
102
120
82
50
60
97
123
118
80
44
38
32
11
5
-9
-53
-59
-11
37
73
114
135
120
99
102
138
169
156
96
23
37
104
122
82
28
2
19
69
90
69
57
74
93
104
107
123
152
167
131
49
16
-10
-4
-2
-28
-24
25
57
29
3
9
55
105
116
101
88
83
48
-10
-22
-4
19
11
-53
-89
-50
18
49
37
22
13
12
44
84
91
76
57
26
0
-4
-5
-23
-59
-66
-28
3
8
4
19
51
72
77
101
135
137
90
6
-43
-20
22
21
-39
-109
-86
-8
37
38
43
65
59
50
49
68
105
106
66
2
-7
42
83
41
-73
-165
-177
-153
-153
-181
-194
-183
-190
-211
-193
-152
-74
39
123
129
84
70
102
88
39
55
107
146
147
112
70
49
71
130
171
170
134
105
83
54
19
-33
-24
22
57
64
50
56
87
116
123
120
130
139
131
97
41
18
45
69
57
4
-24
11
71
92
61
40
74
122
135
108
82
82
97
75
18
-6
40
100
124
70
-13
-11
54
87
73
34
23
39
53
49
42
65
89
65
2
-39
-28
20
24
-49
-90
-45
43
98
89
53
29
58
103
113
85
65
37
-9
-62
-146
-165
-72
26
59
43
35
49
64
89
13
21
73
97
77
43
42
67
59
-2
-93
-156
-179
-172
-122
-46
17
81
109
82
52
71
129
160
129
58
-28
-84
-42
32
52
49
76
92
75
48
26
57
112
113
44
-33
-56
-29
2
12
4
-24
-62
-51
-3
36
57
64
54
27
-2
-10
25
75
99
85
42
26
44
74
85
34
-41
-49
-3
26
26
20
25
33
43
59
81
103
115
75
3
-25
1
26
20
-51
-83
-5
84
100
59
33
59
101
124
104
59
58
82
51
-14
-33
16
33
-20
-56
-22
57
116
112
72
52
72
96
100
96
74
53
23
-27
-75
-93
-104
-82
-29
16
38
39
53
84
107
105
100
114
109
69
4
-25
21
98
133
112
39
-58
-118
-130
-141
-170
-182
-167
-139
-18
38
73
100
112
92
75
96
118
61
-41
-99
-92
-61
-24
-1
8
40
86
107
130
162
180
164
129
80
17
-54
-103
-129
-149
-179
-187
-169
-157
-157
-162
-154
-102
-50
-53
-55
-5
73
132
140
134
136
133
84
11
-46
-91
-119
-138
-123
-89
-82
-57
10
55
72
85
93
73
5
-87
-157
-136
-75
-44
-18
20
59
76
74
75
65
58
92
123
98
39
22
36
38
59
73
68
101
167
187
152
124
149
205
230
194
148
148
168
131
72
50
57
80
70
-3
-116
-179
-152
-106
-105
-152
-193
-163
-73
34
101
137
187
258
296
268
231
167
73
-14
-140
-216
-186
-120
-86
-77
-61
-1
84
141
165
177
199
235
262
233
167
53
-45
-50
18
71
96
118
138
144
148
171
202
217
199
146
69
18
34
80
58
-14
-59
-65
-74
-97
-114
-126
-152
-195
-200
-116
12
109
141
108
105
89
90
73
48
24
37
103
160
138
56
20
29
42
54
43
0
-34
-38
-43
-69
-85
-60
-25
8
29
41
64
102
123
103
90
106
124
118
55
-54
-118
-73
18
71
81
85
90
101
131
139
129
146
171
161
92
26
-20
-68
-107
-134
-163
-157
-147
-155
-168
-165
-152
-146
-130
-77
-18
50
105
119
116
128
156
132
61
-12
-91
-107
-50
-1
-21
-73
-74
-14
38
45
36
35
45
50
16
-49
-76
-56
-11
24
44
41
39
36
23
6
9
53
86
82
43
-17
-40
-20
-25
-97
-107
-85
-62
-59
-81
-85
-50
18
82
123
167
214
243
234
209
198
215
234
213
113
0
-65
-70
-26
29
48
50
83
120
138
151
168
169
153
122
54
-40
-91
-102
-110
-114
-102
-92
-109
-138
-158
-151
-104
-45
-9
10
27
37
40
60
66
10
-24
-11
-7
-27
-45
-54
-55
-50
-34
28
132
227
259
221
177
182
211
219
211
173
104
35
-8
-9
33
74
102
97
81
89
130
194
248
248
200
152
96
34
-35
-88
-122
-130
-98
-67
-81
-120
-133
-102
-73
-77
-71
1
100
153
154
149
185
231
200
114
6
-65
-82
-92
-117
-121
-109
-66
-6
24
25
12
28
71
82
27
-51
-83
-41
11
35
32
37
82
103
86
58
52
69
83
77
43
18
58
138
188
184
146
84
23
-4
-27
-68
-104
-126
-147
-138
-50
84
178
202
185
153
156
213
244
165
19
-76
-88
-77
-72
-57
-7
72
130
138
140
168
217
245
231
192
153
149
112
12
-44
-36
4
34
22
-19
-51
-37
11
36
17
-9
-2
34
42
-5
-97
-130
-83
-43
-41
-44
-52
-56
-55
-42
125
113
116
101
86
80
91
129
115
33
-42
-46
0
9
-35
-67
-49
18
88
114
116
134
172
201
201
177
140
104
26
-67
-98
-66
-4
55
74
69
51
56
119
193
203
161
123
123
86
7
-28
0
66
114
108
82
65
74
102
112
96
70
58
65
64
43
41
58
72
50
-25
-109
-136
-94
-70
-118
-155
-108
-91
-75
-1
76
122
171
192
163
120
89
73
41
-25
-65
-33
35
97
105
80
69
96
123
136
122
85
55
20
-19
-97
-194
-221
-181
-134
-133
-180
-233
-214
-153
-147
-164
-110
-25
17
24
23
20
40
49
3
-41
-57
-45
-41
-42
-44
-53
-26
44
113
109
66
50
57
43
8
-36
-51
-44
-49
-60
-76
-69
-28
-4
-13
-39
-53
-25
3
12
28
61
101
105
84
50
10
7
28
22
4
-1
28
105
181
202
181
188
244
282
282
247
208
177
141
83
1
-8
73
166
195
181
160
147
133
124
130
134
161
169
130
56
28
71
135
152
105
1
-74
-72
-83
-122
-150
-158
-158
-134
-75
1
90
160
182
194
197
187
181
164
115
8
-40
40
140
167
120
88
108
138
153
146
114
129
177
149
72
39
55
34
-51
-151
-218
-206
-147
-120
-172
-241
-254
-187
-60
35
68
86
140
192
195
187
186
148
87
35
6
23
84
116
98
76
115
149
136
98
68
44
8
-4
18
13
-40
-100
-105
-50
-2
37
84
113
100
68
74
120
156
161
117
52
11
-25
-88
-156
-180
-135
-90
-118
-194
-241
-205
-137
-82
-55
-17
64
128
139
132
115
152
241
247
124
-22
-98
-106
-98
-61
-23
-1
42
105
155
177
179
188
194
167
-114
-118
-94
-104
-136
-129
-66
37
132
169
164
164
187
201
182
121
17
-43
-18
41
58
40
42
74
107
119
93
101
160
182
128
34
-25
-52
-60
-41
-11
8
50
73
51
28
51
91
133
148
117
39
-14
-23
-39
-82
-121
-129
-133
-166
-193
-199
-173
-129
-118
-156
-189
-135
-6
101
151
134
134
199
264
258
203
140
50
-13
-44
-75
-53
39
117
117
81
80
147
225
240
176
90
67
55
-3
-42
-12
52
100
115
105
66
69
135
173
152
103
68
57
64
49
13
1
50
100
40
-73
-126
-110
-72
-67
-119
-148
-76
13
51
54
68
108
155
183
155
97
66
68
34
-11
-19
28
101
132
114
74
70
128
172
148
88
65
83
58
-6
-92
-172
-182
-149
-138
-161
-152
-125
-110
-117
-145
-135
-55
27
64
72
83
105
135
146
97
37
18
1
-62
-131
-115
-34
41
80
83
99
188
290
285
211
137
123
92
36
10
16
76
152
166
135
107
128
149
145
112
66
44
37
12
-20
-55
-88
-138
-189
-221
-246
-232
-167
-135
-148
-157
-122
-29
71
137
130
102
134
199
216
103
12
28
50
12
-69
-116
-51
69
130
123
106
128
176
199
192
148
93
88
54
-34
-67
-8
86
129
98
52
35
58
104
129
118
113
119
86
37
2
-5
35
89
88
0
-113
-150
-130
-116
-142
-179
-158
-71
21
73
112
154
199
210
183
147
112
109
90
-11
-104
-108
-12
75
102
74
43
74
135
171
165
136
128
116
66
11
7
42
55
-14
-119
-157
-124
-89
-121
-189
-212
-183
-129
-41
39
86
134
183
198
172
148
130
91
22
-71
-133
-129
-61
20
71
65
60
85
107
116
99
71
82
109
82
9
-49
-70
-60
-42
-45
-70
-88
-82
-54
-28
-27
-27
-12
1
16
9
-8
-39
-83
-115
-125
-122
-124
-157
-201
-216
-166
-34
102
163
153
131
129
149
176
170
105
12
-42
-65
-59
-10
66
100
87
70
73
108
184
233
209
137
102
19
-29
-82
-140
-140
-103
-120
-194
-225
-173
-114
-99
-117
-97
7
116
162
136
102
113
156
178
101
-25
-117
-140
-148
-147
-121
-52
39
112
152
177
210
248
257
214
152
106
74
16
-29
-22
18
71
89
53
5
4
50
90
105
99
83
86
92
107
116
104
61
-13
-86
-113
-122
-108
-89
-107
-168
-182
-99
21
100
131
124
138
181
194
163
96
-8
-73
-40
35
64
55
86
140
155
122
134
146
135
104
42
-4
-21
-51
-99
-123
-119
-103
-109
-145
-169
-158
-123
-71
-42
-35
6
102
165
170
157
156
188
202
116
-25
-117
-120
-97
-120
-168
-147
-37
74
151
192
208
220
227
213
184
146
120
101
75
61
81
128
170
188
178
145
116
132
160
157
133
98
70
76
99
96
32
-56
-116
-152
-184
-209
-198
-171
-170
-198
-227
-200
-69
76
138
131
114
131
151
146
86
12
-1
1
-44
-108
-131
-87
-41
0
44
80
140
199
201
161
118
114
136
128
66
0
12
102
157
148
103
86
114
128
113
99
96
132
146
89
24
25
50
19
-43
-115
-164
-146
-113
-140
-214
-260
-218
-91
42
96
92
115
154
179
184
152
80
6
-57
-100
-92
-27
57
102
86
73
122
192
210
172
112
76
75
32
-21
-20
55
139
160
134
108
105
135
153
131
102
112
129
113
83
66
56
81
131
160
145
116
71
73
115
125
101
52
35
61
77
75
58
48
-44
-150
-187
-184
-162
-116
-73
-57
-51
-8
72
157
192
150
105
116
151
152
38
-152
-230
-154
-61
-5
17
25
49
61
82
112
153
200
205
173
105
17
-65
-117
-138
-168
-196
-168
-121
-124
-173
-202
-173
-108
-61
-68
-46
45
135
136
87
71
124
167
128
21
-73
-98
-71
-69
-85
-66
12
105
135
129
136
185
235
216
144
74
42
16
7
45
98
124
138
128
108
98
99
124
149
141
96
28
4
-7
-59
-145
-196
-180
-142
-110
-124
-171
-166
-106
-54
-38
-29
-3
41
59
36
-12
-49
-50
-42
-60
-90
-118
-119
-103
-73
-37
-3
49
112
116
73
48
84
114
82
26
-27
-24
48
98
73
35
49
91
113
103
58
29
65
97
91
84
107
166
209
199
160
97
54
37
-2
-74
-133
-122
-43
35
75
97
147
219
263
251
230
240
237
208
130
-3
-57
-4
42
20
-33
-50
-27
-20
-36
-41
-18
24
44
33
-6
-42
-69
-82
-73
-88
-110
-89
-36
-10
-44
-38
24
65
55
25
26
55
57
21
-24
-53
-57
-60
-82
-116
-125
-84
-9
52
106
161
209
226
217
211
210
229
241
212
152
92
44
35
61
73
55
67
122
164
151
122
118
133
150
118
21
-35
-11
-24
-117
-216
-237
-177
-94
-78
-138
-182
-134
-59
-45
-24
64
163
210
199
172
172
218
273
277
203
84
18
-7
-13
11
52
97
129
134
121
125
176
221
214
169
104
24
-19
7
59
90
100
98
97
91
72
61
93
130
119
52
-4
16
58
69
43
21
18
-4
-52
-113
-169
-205
-225
-230
-173
104
102
82
33
7
24
81
137
147
71
-43
-91
-69
-54
-76
-119
-106
-34
36
71
86
115
153
180
188
160
102
76
48
-26
-49
-4
53
92
93
50
16
39
87
105
86
64
56
37
9
-7
-13
-7
-22
-58
-114
-158
-168
-171
-167
-150
-152
-113
-10
74
123
154
172
185
176
160
133
73
-13
-82
-92
-84
-81
-75
-74
-87
-98
-81
-40
-5
-4
-25
-34
-5
4
-50
-121
-162
-153
-105
-68
-74
-105
-130
-126
-110
-97
-93
-85
-5
118
183
169
137
156
201
188
106
8
-37
-55
-85
-103
-75
-1
88
141
160
161
176
226
248
226
168
119
80
17
25
84
130
172
208
202
154
114
117
134
130
102
72
49
18
-50
-125
-153
-118
-74
-87
-152
-197
-169
-103
-69
-57
20
40
43
56
57
52
41
9
-21
-53
-66
-34
25
59
-19
-92
-49
39
81
56
12
-14
-12
10
33
37
32
65
81
34
-18
-39
-18
5
-3
-26
-20
34
91
97
80
76
88
88
71
-1
-125
-210
-201
-165
-154
-138
-53
53
116
139
163
224
296
324
305
274
258
240
153
26
-29
18
137
217
196
137
122
145
163
187
179
139
155
195
162
72
33
68
115
123
73
-7
-50
-57
-88
-137
-166
-164
-105
-10
57
86
120
181
224
210
182
189
199
163
57
-85
-129
-17
109
153
117
67
56
72
102
131
145
155
148
87
1
-74
-108
-107
-91
-108
-170
-198
-165
-140
-140
-140
-114
-57
-10
17
50
81
129
166
160
152
124
69
-7
-81
-129
-136
-89
-41
-14
19
68
141
196
209
192
163
165
176
150
83
-13
-89
-91
-29
23
32
58
119
152
152
148
155
157
153
131
6
-6
0
28
72
76
67
114
171
185
120
116
114
87
9
-60
-60
5
69
99
108
114
117
114
90
58
52
93
140
108
28
19
64
97
102
23
-84
-139
-165
-183
-189
-172
-141
-136
-121
-70
11
105
171
183
153
138
161
177
141
20
-108
-123
-53
5
36
54
82
114
149
180
188
199
210
180
109
12
-74
-71
9
82
89
56
59
98
115
108
103
101
89
70
32
-8
-9
4
-19
-83
-120
-108
-122
-170
-196
-205
-185
-132
-70
-55
-49
-24
4
40
60
28
-4
2
2
-43
-93
-76
-24
3
1
-20
-22
27
84
70
13
-12
20
53
32
-14
-35
-6
12
-5
-49
-69
-51
-22
-27
-69
-121
-102
25
149
196
167
153
195
233
231
182
148
188
185
81
-52
1
70
106
90
68
102
171
213
215
194
172
164
129
12
-97
-125
-82
-45
-76
-130
-129
-77
-36
-11
-18
-25
1
28
29
0
-17
-6
-33
-88
-129
-126
-67
-8
-25
-91
-125
-87
-22
22
34
23
41
81
101
86
68
76
73
41
3
-29
-44
-6
51
81
101
129
162
168
151
138
146
183
205
186
131
54
-8
1
55
97
113
148
181
160
106
88
121
150
138
90
9
7
83
120
108
89
80
37
-18
-30
-11
24
84
109
68
27
58
120
179
195
161
117
96
77
66
50
1
-57
-83
-99
-140
-204
-214
-155
-84
-14
32
61
96
145
192
181
162
173
170
88
-20
-27
41
84
74
43
57
115
144
119
96
101
130
132
93
37
2
29
64
13
-42
-37
20
68
72
37
-1
5
69
130
133
121
118
25
-81
-139
-172
-182
-170
-178
-210
-226
-189
-137
-117
-129
-139
135
105
77
48
55
84
108
139
144
89
-19
-109
-130
-116
-118
-140
-121
-20
76
103
101
119
157
168
149
136
119
107
66
-26
-57
3
81
114
107
108
113
114
125
139
132
98
55
17
-1
-22
-87
-156
-171
-145
-107
-93
-100
-87
-27
53
100
97
128
182
182
128
91
107
133
102
-1
-73
-35
65
116
97
65
59
68
59
55
59
82
124
122
72
42
53
81
89
75
20
-60
-84
-55
-52
-106
-154
-115
-26
38
59
55
75
136
180
177
155
141
139
102
-4
-86
-69
26
108
106
70
52
68
92
109
92
81
109
119
35
-101
-206
-227
-182
-132
-129
-180
-205
-164
-118
-116
-113
-81
-30
6
7
-23
-46
-11
39
26
-23
-43
-42
-57
-106
-166
-173
-92
-6
19
4
-10
3
43
66
33
-6
33
96
75
1
65
192
248
225
169
162
203
230
228
213
215
216
184
122
81
92
160
155
37
-68
-83
-59
-56
-85
-141
-187
-157
-39
82
124
119
140
196
226
213
166
147
132
67
-34
-102
-73
-7
34
55
48
61
132
186
188
149
112
109
124
122
54
-52
-42
59
114
90
53
48
85
116
83
40
57
104
